Pw1=[5.0000000e-001];
Pw2=[5.0000000e-001];

xcovariance=[8.9495351e-002 -3.5062835e-003 -8.5876239e-003 -7.1851256e-003  8.7420053e-003 -2.2191623e-003 -1.7202261e-003 -1.6465715e-003  4.5755251e-004 -1.1911367e-003
 -3.5062835e-003  1.4378352e-002 -3.1685675e-003 -2.5954986e-003  1.3192609e-003  8.3026361e-003  2.4134560e-003  9.9659742e-004 -2.3600603e-004  1.6973493e-005
 -8.5876239e-003 -3.1685675e-003  1.3281326e-001  7.3083569e-003 -1.6904048e-002 -1.6492739e-003  8.0217642e-006 -1.7757491e-003 -1.6919424e-003  1.4925127e-003
 -7.1851256e-003 -2.5954986e-003  7.3083569e-003  1.0362945e-002 -2.7916864e-003 -1.0419853e-003 -9.3136420e-005 -4.4101324e-004  3.3067063e-004  5.6208280e-004
  8.7420053e-003  1.3192609e-003 -1.6904048e-002 -2.7916864e-003  1.9279412e-001  8.4264898e-004  2.5612716e-004  5.8721533e-005  1.4469314e-003 -9.8996392e-004
 -2.2191623e-003  8.3026361e-003 -1.6492739e-003 -1.0419853e-003  8.4264898e-004  1.0361688e-002  3.2870739e-003  6.8030286e-004 -2.6531720e-004  1.6262265e-004
 -1.7202261e-003  2.4134560e-003  8.0217642e-006 -9.3136420e-005  2.5612716e-004  3.2870739e-003  2.3889236e-003  4.9092758e-004 -1.2044085e-004  1.1031812e-004
 -1.6465715e-003  9.9659742e-004 -1.7757491e-003 -4.4101324e-004  5.8721533e-005  6.8030286e-004  4.9092758e-004  4.5290079e-003 -3.8427466e-004  3.2375579e-004
  4.5755251e-004 -2.3600603e-004 -1.6919424e-003  3.3067063e-004  1.4469314e-003 -2.6531720e-004 -1.2044085e-004 -3.8427466e-004  1.1094620e-002 -7.9540264e-003
 -1.1911367e-003  1.6973493e-005  1.4925127e-003  5.6208280e-004 -9.8996392e-004  1.6262265e-004  1.1031812e-004  3.2375579e-004 -7.9540264e-003  6.5242001e-003];
  
xmean=[7.8091125e-001  1.3683111e-001  4.4213669e-001  4.1264640e-001  2.9476264e-001  9.1953134e-002  2.9189907e-002  5.4278385e-002  9.3332364e-001  4.4995933e-002];

xw12cov=[1.0219317e-001  1.6872587e-003 -2.0030629e-002 -1.0472352e-002  8.9157378e-003 -1.4969510e-003 -2.1632268e-003 -2.8266093e-003  6.8214549e-004 -1.4795700e-003
  1.6872587e-003  1.8246166e-002 -7.0438694e-004 -3.5222282e-003  4.8150694e-003  9.8139728e-003  2.5034920e-003  6.6772741e-004  5.6104746e-005 -3.8325785e-004
 -2.0030629e-002 -7.0438694e-004  1.1076751e-001  4.3380012e-003 -6.4452833e-003  5.1624340e-005  1.2926519e-004 -1.2832142e-003 -7.7662091e-004  7.3464279e-004
 -1.0472352e-002 -3.5222282e-003  4.3380012e-003  1.2802611e-002 -2.1333625e-003 -1.5106660e-003 -9.2583652e-005 -1.8874731e-004  5.0673570e-004  7.6065881e-004
  8.9157378e-003  4.8150694e-003 -6.4452833e-003 -2.1333625e-003  1.8219785e-001  1.8492571e-003  5.4511080e-004 -2.2402567e-004  1.9303651e-003 -1.5307278e-003
 -1.4969510e-003  9.8139728e-003  5.1624340e-005 -1.5106660e-003  1.8492571e-003  1.2158734e-002  3.8308580e-003  7.4068838e-004 -1.3508033e-004 -1.3206020e-005
 -2.1632268e-003  2.5034920e-003  1.2926519e-004 -9.2583652e-005  5.4511080e-004  3.8308580e-003  2.7018443e-003  5.6359083e-004 -9.5271684e-005  8.5472834e-005
 -2.8266093e-003  6.6772741e-004 -1.2832142e-003 -1.8874731e-004 -2.2402567e-004  7.4068838e-004  5.6359083e-004  5.0072886e-003 -3.1789678e-004  3.0795647e-004
  6.8214549e-004  5.6104746e-005 -7.7662091e-004  5.0673570e-004  1.9303651e-003 -1.3508033e-004 -9.5271684e-005 -3.1789678e-004  9.5554192e-003 -7.5104567e-003
 -1.4795700e-003 -3.8325785e-004  7.3464279e-004  7.6065881e-004 -1.5307278e-003 -1.3206020e-005  8.5472834e-005  3.0795647e-004 -7.5104567e-003  6.6258578e-003];

xw1mean=[8.2172290e-001  1.2528279e-001  4.5124862e-001  4.1496729e-001  3.0297145e-001  8.6852162e-002  2.7500551e-002  5.1926675e-002  9.3309825e-001  4.4863467e-002];
  xw2mean=[5.2705395e-001  2.0866418e-001  3.8545851e-001  3.9820995e-001  2.4370210e-001  1.2368229e-001  3.9698066e-002  6.8906529e-002  9.3472563e-001  4.5819904e-002];

  
  
  
xw1cov=[7.1410771e-002 -1.3338429e-003 -7.8376554e-003 -6.8705871e-003  5.9011472e-003 -7.3169743e-004 -9.9872728e-004 -4.5266395e-004  4.5872516e-004 -1.0496765e-003
 -1.3338429e-003  1.1974800e-002 -3.1226664e-003 -2.0621546e-003  9.3333426e-004  7.3078470e-003  2.2218064e-003  8.8162449e-004 -3.5587139e-004  1.3873253e-004
 -7.8376554e-003 -3.1226664e-003  1.3957441e-001  8.1329694e-003 -2.1045591e-002 -1.8348583e-003  9.5272464e-005 -1.7636640e-003 -1.9829678e-003  1.7576810e-003
 -6.8705871e-003 -2.0621546e-003  8.1329694e-003  9.5019284e-003 -3.1722087e-003 -7.8643208e-004 -6.0754534e-005 -4.8053866e-004  2.7597495e-004  4.9810794e-004
  5.9011472e-003  9.3333426e-004 -2.1045591e-002 -3.1722087e-003  1.9585849e-001  8.5286687e-004  2.7441724e-004  3.1424529e-004  1.3003709e-003 -7.9956452e-004
 -7.3169743e-004  7.3078470e-003 -1.8348583e-003 -7.8643208e-004  8.5286687e-004  9.5450306e-003  3.0338211e-003  5.6050330e-004 -3.1872276e-004  2.1613500e-004
 -9.9872728e-004  2.2218064e-003  9.5272464e-005 -6.0754534e-005  2.7441724e-004  3.0338211e-003  2.2608564e-003  4.3364617e-004 -1.3210340e-004  1.1684206e-004
 -4.5266395e-004  8.8162449e-004 -1.7636640e-003 -4.8053866e-004  3.1424529e-004  5.6050330e-004  4.3364617e-004  4.3238430e-003 -4.1111217e-004  3.2658224e-004
  4.5872516e-004 -3.5587139e-004 -1.9829678e-003  2.7597495e-004  1.3003709e-003 -3.1872276e-004 -1.3210340e-004 -4.1111217e-004  1.1615055e-002 -8.1059659e-003
 -1.0496765e-003  1.3873253e-004  1.7576810e-003  4.9810794e-004 -7.9956452e-004  2.1613500e-004  1.1684206e-004  3.2658224e-004 -8.1059659e-003  6.4920788e-003];

xw2cov=[1.2737878e-001  4.1590691e-003 -3.0006698e-002 -1.3419251e-002  1.1382221e-002 -2.1230675e-003 -3.1159991e-003 -4.7689282e-003  8.6494394e-004 -1.8313011e-003
  4.1590691e-003  2.3377284e-002  1.2742053e-003 -4.7168340e-003  7.9910344e-003  1.1864439e-002  2.7339620e-003  4.9272071e-004  3.9317613e-004 -8.1034090e-004
 -3.0006698e-002  1.2742053e-003  8.7198229e-002  1.2330272e-003  5.5004227e-003  1.5951102e-003  1.5707742e-004 -8.9011889e-004  2.1039017e-004 -1.0238844e-004
 -1.3419251e-002 -4.7168340e-003  1.2330272e-003  1.5503169e-002 -1.2833973e-003 -2.1032209e-003 -1.1862566e-004  4.9991061e-005  6.9553995e-004  9.7547316e-004
  1.1382221e-002  7.9910344e-003  5.5004227e-003 -1.2833973e-003  1.7102096e-001  2.6644855e-003  7.6658735e-004 -6.6442918e-004  2.4458149e-003 -2.1289524e-003
 -2.1230675e-003  1.1864439e-002  1.5951102e-003 -2.1032209e-003  2.6644855e-003  1.4297218e-002  4.4829791e-003  8.8811255e-004  1.5172558e-005 -2.0084868e-004
 -3.1159991e-003  2.7339620e-003  1.5707742e-004 -1.1862566e-004  7.6658735e-004  4.4829791e-003  3.0626526e-003  6.6990920e-004 -6.5136643e-005  5.9807103e-005
 -4.7689282e-003  4.9272071e-004 -8.9011889e-004  4.9991061e-005 -6.6442918e-004  8.8811255e-004  6.6990920e-004  5.5664713e-003 -2.4162965e-004  2.9271719e-004
  8.6494394e-004  3.9317613e-004  2.1039017e-004  6.9553995e-004  2.4458149e-003  1.5172558e-005 -6.5136643e-005 -2.4162965e-004  7.8702626e-003 -7.0232218e-003
 -1.8313011e-003 -8.1034090e-004 -1.0238844e-004  9.7547316e-004 -2.1289524e-003 -2.0084868e-004  5.9807103e-005  2.9271719e-004 -7.0232218e-003  6.7353134e-003];

  
    