offset=[-8.0645161e-002  5.0000000e-001  2.3105360e-003  3.3222591e-003  2.4671623e-017  1.8503717e-017  1.8503717e-017  1.8503717e-017  1.8503717e-017 -1.1695906e-002  1.1271300e-018 -1.5463918e-002 -1.3346515e-002 -1.1461318e-002  1.3457249e-018 -1.1594203e-002 -1.4005602e-002  2.0559686e-018  5.0000000e-001  5.7097417e-018  1.0573553e-017  1.1102230e-016 -7.2463768e-003 -9.1324201e-003 -9.1324201e-003 -1.2302285e-002 -1.2578616e-002 -7.5757576e-003 -6.6555740e-003 -1.0389610e-002  1.7212760e-017  5.0000000e-001  4.5182155e-017  1.0573553e-017  1.2267658e-018  5.2867763e-018 -2.5000000e-001 -2.5000000e-001 -2.5000000e-001 -2.5000000e-001 -2.5000000e-001 -2.5000000e-001 -2.5000000e-001 -2.5000000e-001  1.8503717e-017  5.0000000e-001  3.2049378e-017  4.3538158e-018 -3.9930556e-002 -8.8261253e-003 -5.5401662e-002 -1.1713147e-001 -1.2860892e-001 -3.4722222e-002 -6.8862275e-002 -7.1985603e-002  2.0987203e-019  3.7933663e-019  1.0573553e-017 -2.1951220e-001 -1.1904762e-001 -2.8205128e-001 -2.4092409e-001 -2.0512821e-001 -1.2820513e-001 -1.4743590e-001 -2.5477707e-001  7.1627292e-018  5.0000000e-001  1.6757885e-017  1.0573553e-017 -2.4329897e-001 -2.5354970e-001 -4.3055556e-001 -3.7345332e-001 -3.2000000e-001 -1.7543860e-001 -2.8708645e-001 -4.0136054e-001  6.3441316e-018  5.0000000e-001  1.5523041e-017  1.1102230e-017  1.2616171e-018 -1.7391304e-001 -2.1457490e-001 -4.5008739e-001 -3.9215686e-001  1.9308227e-018 -3.7373737e-001 -4.1244240e-001  9.1753969e-019  5.0000000e-001  5.0008232e-018  1.1748392e-018 -4.9019608e-001 -2.2500000e-001 -1.2254902e-001 -4.9019608e-001 -4.9019608e-001 -3.1034483e-001 -4.2056075e-001 -3.6231884e-001  1.0675221e-017  2.5360714e-017  1.0573553e-017  7.4014868e-018 -3.4375000e-001 -6.4516129e-002 -1.2500000e-001 -1.8965517e-001 -2.0370370e-001 -1.6216216e-001 -2.3684211e-001 -1.3414634e-001  3.9650822e-017  9.5326087e-017  1.0573553e-017  1.1874043e-018  5.0464683e-018 -2.5869565e+000 -1.2405063e+000 -2.0517241e+000 -2.1024513e+000 -2.0090090e+000 -1.7192982e+000 -2.0582524e+000 -2.0173913e+000  5.5511151e-018  5.0000000e-001  1.0490622e-017  1.0573553e-017  5.0000000e-001  1.8200377e-018  1.8200377e-018  6.3441316e-018  6.3441316e-018  6.3441316e-018 -1.3245033e-002 -7.6997113e-003 -1.5518914e-002 -1.5356490e-002 -1.2672176e-002 -6.5789474e-003 -9.3432262e-003 -1.3061651e-002  4.4767057e-019  5.0000000e-001  6.9937303e-019  8.2238743e-018  1.1874043e-018  9.6541133e-018  1.2267658e-018  3.0323680e-001  3.0584192e-001 -5.4769231e+000 -1.1955468e+000 -5.2187500e+000  3.1448763e-001 -3.4528552e-002 -5.7213115e+000  3.8886971e-018  5.0000000e-001  1.2814700e-017  1.6821561e-018  5.0000000e-001  5.0000000e-001  7.4014868e-020  2.7755576e-020  2.0185873e-020  7.2036717e-020  7.1339632e-020  3.7007434e-019  1.0092937e-019  6.3441316e-020  2.0185873e-020  5.0000000e-001  1.2877253e-019  3.6400755e-018 -6.1766523e-004 -5.3361793e-004 -5.3361793e-004 -7.2921731e-004 -7.1073205e-004 -7.8003120e-004 -7.6452599e-004 -5.9426534e-004  1.7106672e-018  5.0000000e-001  4.1694397e-018  1.2335811e-017  3.3222591e-003  3.3222591e-003  3.3222591e-003  3.3222591e-003  3.3222591e-003  3.3222591e-003  3.3222591e-003  3.3222591e-003  9.4086697e-019  4.4141982e-018 -5.6179775e-003];
rot=[5.3763441e-003  5.0000000e-001  2.3105360e-003  3.3222591e-003  1.1111111e-001  8.3333333e-002  8.3333333e-002  8.3333333e-002  8.3333333e-002  5.8479532e-003  5.0761421e-003  5.1546392e-003  5.9317845e-003  5.7306590e-003  6.0606061e-003  5.7971014e-003  5.6022409e-003  9.2592593e-003  5.0000000e-001  2.5714391e-002  4.7619048e-002  5.0000000e-001  7.2463768e-002  4.5662100e-002  4.5662100e-002  6.1511424e-002  6.2893082e-002  7.5757576e-002  6.6555740e-002  5.1948052e-002  7.7519380e-002  5.0000000e-001  2.0348234e-001  4.7619048e-002  5.5248619e-003  2.3809524e-002  8.3333333e-002  8.3333333e-002  8.3333333e-002  8.3333333e-002  8.3333333e-002  8.3333333e-002  8.3333333e-002  8.3333333e-002  8.3333333e-002  5.0000000e-001  1.4433757e-001  1.9607843e-002  1.7361111e-003  8.8261253e-004  9.2336103e-004  2.3904382e-003  2.6246719e-003  3.4722222e-003  2.9940120e-003  1.1997600e-003  9.4517958e-004  1.7083803e-003  4.7619048e-002  2.4390244e-002  2.3809524e-002  2.5641026e-002  2.6402640e-002  2.5641026e-002  2.5641026e-002  2.5641026e-002  2.5477707e-002  3.2258065e-002  5.0000000e-001  7.5470803e-002  4.7619048e-002  2.0618557e-002  2.0283976e-002  2.3148148e-002  2.2497188e-002  2.1621622e-002  1.9493177e-002  2.1344717e-002  2.2675737e-002  2.8571429e-002  5.0000000e-001  6.9909561e-002  5.0000000e-002  5.6818182e-003  5.4347826e-003  4.0485830e-003  1.0519916e-002  9.8039216e-003  8.6956522e-003  1.0101010e-002  9.2165899e-003  4.1322314e-003  5.0000000e-001  2.2521706e-002  5.2910053e-003  1.9607843e-001  1.2500000e-001  4.9019608e-002  1.9607843e-001  1.9607843e-001  1.7241379e-001  1.8691589e-001  1.4492754e-001  4.8076923e-002  1.1421450e-001  4.7619048e-002  3.3333333e-002  3.1250000e-001  1.0752688e-001  1.1363636e-001  1.7241379e-001  1.8518519e-001  2.7027027e-001  2.6315789e-001  1.2195122e-001  1.7857143e-001  4.2931053e-001  4.7619048e-002  5.3475936e-003  2.2727273e-002  2.1739130e-002  1.2658228e-002  1.7241379e-002  1.8856065e-002  1.8018018e-002  1.7543860e-002  1.9417476e-002  1.7391304e-002  2.5000000e-002  5.0000000e-001  4.7245559e-002  4.7619048e-002  2.2517998e+015  8.1967213e-003  8.1967213e-003  2.8571429e-002  2.8571429e-002  2.8571429e-002  1.1037528e-003  9.6246391e-004  9.6993210e-004  1.0968921e-003  1.1019284e-003  1.0964912e-003  1.0992031e-003  1.0449321e-003  2.0161290e-003  5.0000000e-001  3.1496961e-003  3.7037037e-002  5.3475936e-003  4.3478261e-002  5.5248619e-003  1.7035775e-002  1.7182131e-002  1.5384615e-001  5.5235301e-002  1.5625000e-001  1.7667845e-002  2.6560425e-002  1.6393443e-001  1.7513135e-002  5.0000000e-001  5.7712278e-002  7.5757576e-003  2.2517998e+015  2.2517998e+015  3.3333333e-004  1.2500000e-004  9.0909091e-005  3.2442453e-004  3.2128514e-004  1.6666667e-003  4.5454545e-004  2.8571429e-004  9.0909091e-005  5.0000000e-001  5.7993994e-004  1.6393443e-002  6.1766523e-003  5.3361793e-003  5.3361793e-003  7.2921731e-003  7.1073205e-003  7.8003120e-003  7.6452599e-003  5.9426534e-003  7.7041602e-003  5.0000000e-001  1.8777487e-002  5.5555556e-002  3.3222591e-003  3.3222591e-003  3.3222591e-003  3.3222591e-003  3.3222591e-003  3.3222591e-003  3.3222591e-003  3.3222591e-003  4.2372881e-003  1.9879781e-002  5.6179775e-003];
