indices=[3.7000000e+001  1.0000000e+001  4.5000000e+001  1.6100000e+002  1.7700000e+002  2.3000000e+001  3.1000000e+001  5.8000000e+001  1.5900000e+002  1.6400000e+002];
