##---------------------------------------------------------------------------
## Submission for PhysioNet 2012 Challenge
## To call the file against a single patient:
## cat set-b/<patient record>.txt |  Rscript physionet2012.R 
## Output format prints RecordID, the binary prediction, and the risk estimate to stdout
##
## Team: Natalia M. Arzeno, Joyce C. Ho, Cheng H. Lee
##---------------------------------------------------------------------------

# Imputation for Event 2 Model
model2.genderAge.raw <- list(Platelets = c(222.153846153846,224.049180327869,211.988764044944,206.744318181818,219.52,212.22384341637,184.367346938776,199.886010362694,222.89247311828,159.952380952381,176.59375,190.041666666667,194.124031007752,179.9972899729,191.957537154989,172.327450980392,183.87037037037,185.441176470588),
		NIMAP = c(78.7508333333333,80.1334,80.1371604938272,79.0186075949367,77.2689371980676,73.4796370967742,72.8062647058824,74.4854093567251,76.5491954022988,78.2136363636364,82.3342352941176,80.6461445783133,80.1981222707424,79.9435240963855,77.3094660194175,75.6358351893096,75.9144128113879,74.065737704918),
		SysABP = c(120.666666666667,121.75,106.344827586207,117.582608695652,116.350993377483,119.314720812183,122.164983164983,120.799256505576,131.263157894737,135.25,128.848484848485,122.71186440678,120.473684210526,116.777385159011,119.371584699454,122.871794871795,123.612334801762,124.405405405405),
		Lactate = c(1.53333333333333,1.88974358974359,2.16734693877551,2.17105263157895,2.03303571428571,1.77295597484277,1.99834821428571,1.78700483091787,1.47954545454545,2.34166666666667,2.34754098360656,1.87884615384615,1.92108974358974,2.13239436619718,1.96918819188192,1.85883802816901,1.85456790123457,1.67777777777778),
		MAP = c(84.5,94.9032258064516,85.1034482758621,85.295652173913,83.6308724832215,83.5510204081633,81.9560810810811,83.5576208178439,84.6052631578947,89.5625,88.1060606060606,84.3389830508475,84.4315789473684,82.354609929078,79.275956284153,79.8410256410256,79.2212389380531,86.1081081081081),
		Glucose = c(121.923076923077,129.377049180328,116.775280898876,125.217142857143,131.538461538462,131.169675090253,129.811369509044,123.80310880829,127.849462365591,116.5,121.652631578947,121.610526315789,125.893700787402,127.801104972376,132.00641025641,134.241035856574,128.595611285266,116.328358208955),
		BUN = c(10.8461538461538,11.5901639344262,15.0666666666667,17.7272727272727,21.8177777777778,23.7330960854093,26.4162436548223,27.0440414507772,30.0215053763441,10.9,14.1666666666667,17.25,21.9571984435798,24.710027100271,26.3411016949153,29.8203125,34.6141975308642,36.1323529411765),
		HCO3 = c(24.1538461538462,23.3934426229508,23.0795454545455,23.88,24.4330357142857,24.711743772242,24.1933842239186,24.1943005181347,23.6989247311828,26.55,25.40625,25.25,24.6731517509728,24.41689373297,24.3659574468085,24.3654223968566,23.6327160493827,22.5588235294118),
		HR = c(84.3076923076923,94.625,90.4494382022472,87.9488636363636,86.7092511013216,86.9822695035461,84.4015151515152,83.2447916666667,82.7741935483871,87.9565217391304,92.62,93.2553191489362,88.945945945946,85.5108108108108,86.5940803382664,84.3222003929273,82.3425925925926,83.7462686567164),
		NISysABP = c(117.416666666667,118.26,114.135802469136,114.177215189873,117.057971014493,114.692,118.355882352941,120.539358600583,124.16091954023,123.5,124.367816091954,120.674698795181,118.212121212121,116.09009009009,117.256038647343,117.274944567628,120.459074733096,117.44262295082),
		WBC = c(11.2692307692308,11.5754098360656,13.4561797752809,12.0868181818182,11.8648888888889,12.7498220640569,12.8139540816327,13.0257142857143,12.2655913978495,11.2238095238095,11.1875,12.1229166666667,11.5937743190661,11.5097826086957,11.7189361702128,12.2687254901961,12.5429012345679,13.7313432835821),
		Urine = c(151.692307692308,261.625,218.370786516854,163.080924855491,159.773755656109,136.018050541516,111.645244215938,96.7842105263158,91.2934782608696,225.869565217391,232.68,220.064516129032,173.492248062016,161.695890410959,150.156182212581,120.329365079365,118.83125,86.5522388059701),
		Weight = c(68.8363636363636,80.4254901960784,78.36925,80.3198214285714,84.380193236715,80.8066917293233,76.2579787234042,67.2857954545455,65.0373493975904,81.1619047619048,88.5326136363636,90.5059523809524,94.2208,92.7296551724138,92.1778336980306,87.8658895705521,80.0354368932039,73.2983870967742),
		Bilirubin = c(1.88,1.68666666666667,1.52352941176471,2.61758241758242,2.99509803921569,1.36238532110092,1.15497076023392,0.766,1.52727272727273,1.44285714285714,1.76486486486486,2.12,2.86764705882353,2.71230769230769,2.21306532663317,1.6980487804878,1.725,1.57857142857143),
		NIDiasABP = c(62.4166666666667,64.24,62.7901234567901,61.5886075949367,58.7487922705314,55.1526104417671,51.6205882352941,52.874269005848,54.9540229885057,58.0454545454545,61.8352941176471,62.9518072289157,62.4217391304348,62.2259036144578,58.7572815533981,55.2583518930958,55.8291814946619,54.5573770491803),
		Albumin = c(2.81666666666667,2.92413793103448,2.95581395348837,2.87625,2.88555555555556,2.82636363636364,2.96666666666667,2.92435897435897,2.9875,3.275,3.246875,3.08684210526316,2.97207207207207,3.06404494382022,2.99020618556701,2.90732984293194,2.92460317460317,2.79032258064516),
		Na = c(137.307692307692,139.475409836066,138.741573033708,138.545454545455,139.236607142857,138.487544483986,138.954198473282,139.186528497409,140.408602150538,139.55,139.21875,138.833333333333,138.78125,138.577656675749,138.582978723404,138.520628683694,138.854938271605,140.220588235294),
		pH = c(7.41333333333333,7.40511627906977,7.39074626865672,7.3896875,7.38746913580247,7.7948,7.39366771159875,7.69348122866894,7.37176470588235,7.40176470588235,7.41275362318841,7.38820895522388,7.40253807106599,7.39880398671096,7.40279069767442,7.40340579710145,7.40267489711934,7.40857142857143),
		FiO2 = c(0.43125,0.413333333333333,0.486440677966102,0.496759259259259,0.483733333333333,0.514705882352941,0.491901408450704,0.487142857142857,0.519464285714286,0.458888888888889,0.50234375,0.503230769230769,0.48505376344086,0.503946360153257,0.512890173410405,0.504761904761905,0.518190476190476,0.494791666666667),
		PaCO2 = c(38.3333333333333,35.953488372093,39.2537313432836,41.1507936507937,41.141975308642,40.8348214285714,40.1167192429022,40.4241379310345,39.8235294117647,43,40.8059701492537,42.0149253731343,40.2233502538071,40.3966666666667,40.0989583333333,39.6966019417476,38.5289256198347,36.530612244898),
		DiasABP = c(64.8333333333333,75.40625,59.8793103448276,66.1565217391304,63.3046357615894,59.1116751269036,56.7542087542088,56.6579925650558,59.6052631578947,69.6875,67.4545454545455,66.6779661016949,65.5947368421053,61.8233215547703,59.0655737704918,58.6794871794872,55.5506607929515,58.1351351351351),
		ALP = c(99.2,83.7142857142857,105,136.758241758242,117.922330097087,104.759259259259,95.3941176470588,99.6,110.8125,92.75,72.5428571428571,92.325,91.1851851851852,107.814814814815,104.577889447236,103.78,94.7355371900826,178.724137931034),
		Mg = c(1.93076923076923,1.97049180327869,1.99204545454545,1.97714285714286,2.00495495495495,2.06690647482014,2.07704081632653,2.06831168831169,2.02150537634409,1.955,1.91368421052632,1.90421052631579,2.02918287937743,2.04806629834254,2.055,2.07583497053045,2.11645962732919,2.16417910447761),
		Creatinine = c(0.838461538461538,0.926229508196721,1.00111111111111,1.09943181818182,1.25555555555556,1.23202846975089,1.27868020304569,1.13031088082902,1.2247311827957,1.105,1.11979166666667,1.61875,1.42607003891051,1.49159891598916,1.54279661016949,1.5603515625,1.58672839506173,1.56764705882353),
		K = c(3.79230769230769,3.80163934426229,3.94333333333333,3.93125,4.04260089686099,4.1,4.09102564102564,4.03626943005181,3.95161290322581,3.85714285714286,3.90625,3.94895833333333,4.03110236220472,4.09917355371901,4.13297872340426,4.1718253968254,4.11097178683386,3.98970588235294),